[optimized]
position = [ 0.016590230300823176, -0.003136321644122634, 0.6233393072766599,]
orientation = [ -0.006957568907903419, -0.003310907219508181, -0.007743769148689908, 0.9999403303038134,]
joint_position = [ 0.3795998797940357, 0.011082198351418044, 0.00044796515913576054, -0.39444043128067935, 0.532585464532878, 0.6656041156287238, 0.382320481712295, -0.39542754766639393, 0.5255847502551704, 0.667772942089524, 0.3842386882079242, 0.052537850335304025, 0.14502111352780506, 0.09644350713013285, -0.08182284700611292, -0.020263299128796295, -0.15352404517545185, 0.05652497644677222, 0.20003485438350208, 0.11090977054780318, -0.0839100966412364, -0.012787209092861573, -0.1791637581969848,]
com_position = [ -0.008126204143406632, -0.002228285862970759, 0.5765409426372098,]
com_velocity = [ 0.0, 0.0, 0.0,]
angular_momentum = [ 0.0, 0.0, 0.0,]
